31
1
2,1
3
4,3
5,3
6
7,6
8,6
9,6,8

32
1
2
3
4,1
5,1
6
7,1
8,7
9,7
10,7
11,7

33
1
2,1
3,1
4,1
5,1
6,1
7,1
8,1
9,1
10

34
1
2,1
3,1
4,1
5,1,4
6,1,4,5
7,1
8,1
9,1

35
1
2,1
3,1
4,1
5,1
6,1
7,1
8,1
9,1

36
1
2,1
3,1
4,1
5,1
6
7,6
8
9,1
10
11,10

37
1
2,1
3,1
4,1
5,1
6
7,6
8,1,6
9
10,9
11,6,9
12,9

38
1
2
3,1,2
4,1
5,1
6,1
7,1
8

39
1
2,1
3
4,3
5
6
7,1
8,1
9,1,8

40
1
2,1
3,1
4
5,1
6
7
8,7
9
10,9

41
1
2,1
3
4
5,3
6,3
7
8,3
9,3

42
1
2
3,1,2
4,1,2
5,1,2
6,1,2
7,1,2,6
8

43
1
2,1
3,1,2
4,1
5,1
6,1
7,1
8,1,7

44
1
2,1
3,1
4
5,1
6,1
7,1
8,1

45
1
2,1
3
4
5,1
6,1
7
8,7

46
1
2,1
3
4,1
5,3,4
6,4
7,4
8,3,4,5,7
9,3,4,5,7,8
10

47
1
2,1
3,1
4,1,3
5,1
6
7,6

48
1
2,1
3,1
4,1
5,1
6,1
7,1
8
9,8

49
1
2,1
3,1
4
5,1,3
6,1,4
7,1,4
8,1,4
9,1
10,1,9

50
1
2,1
3,1
4,1
5
6,5
7
8,7
9,7
10,7

51
1
2
3,2
4,2
5,2
6,2
7,2
8,2
9,2,8
10,2

52
1
2,1
3
4,3
5,3
6,3,5
7,3
8,3,7
9,3,7,8
10,3

53
1
2,1
3,1
4
5,4
6
7,6
8,6
9,6,8

54
1
2,1
3
4,1
5,1
6,1
7,1
8
9,8

55
1
2,1
3,1
4,1,3
5,1
6,1,5
7
8,7
9
10,1,9

56
1
2,1
3,1
4,1
5,1
6,1
7
8,1

57
1
2,1
3,1
4,1,3
5,1,3
6,1
7,6
8
9
10,9

58
1
2,1
3,1
4,1
5,1
6,1
7
8,7

59
1
2,1
3,2
4,3
5
6,5
7,1
8,1

60
1
2,1
3,1
4,1,3
5
6,1,5
7,1,5,6

61
1
2,1
3,1
4,1
5,1
6
7,6
8,6,7
9,1,6,7

62
1
2,1
3,1
4,1
5,1
6,1
7,1
8
9,8
10,1
11,1

63
1
2,1
3,1
4,1
5,1
6,1
7
8
9,1
10,1

64
1
2,1
3,1,2
4,1
5,1,4
6,1,4
7,1,4,6
8,1,4,6,7
9,1,4,5
10,1
11,1,4,5

65
1
2,1
3,1,2
4,1
5
6
7
8
9,8
10,8

66
1
2,1
3,1
4,1
5,1
6,1,5
7,1,5
8,1
9,1,8

67
1
2
3,2
4,2
5
6,5
7,5
8,5
9,5
10
11,10

68
1
2,1
3,1
4
5
6,5
7
8,7
9,1
10
11,10

69
1
2,1
3,1,2
4,1,2
5
6,5
7,5
8,1,2
9,1,2
10,1,2,9

70
1
2,1
3,1
4
5
6,1
7
8
9,8
10,1,2

71
1
2,1
3,1
4,1
5,1
6,1,4,5
7,1
8
9,8
10,8
11,8
12,8

72
1
2,1
3,1,2
4,1
5,1,4
6,1,4
7
8,7
9,1
10,1,9

73
1
2,1
3
4,3
5,3
6
7,6
8,6
9
10,6

74
1
2,1
3,2
4,2
5,2
6,2
7,2,6
8,2
9,1,2
10,2,9
11,2
12,2,11

75
1
2
3,2
4,2
5,2
6,2,3
7,2,6
8,2
9,2
10,2,9

76
1
2,1
3,1
4,1,3
5
6,5
7
8,7
9
10,9

77
1
2
3,2
4,1,2
5
6
7,6
8
9,8
10

78
1
2,1
3
4,1
5,1,4
6,1,4
7
8,7
9,7
10

79
1
2,1
3,1
4,1
5,1,2,4
6,1
7,1,6
8,1,6
9,1,6,8

80
1
2,1
3,1
4,1
5,1
6,1
7,1
8,1
9,1
10,1