81
1
2,1
3,1
4,1
5,1
6,1
7,1,6
8,1,6

82
1
2,1
3,1,2
4,1
5,1,4
6,1,4,5
7,1
8,1,7
9,1,7
10,1,7,9

83
1
2,1
3,1
4,1,3
5,1
6,1,5
7,1
8,1

84
1
2,1
3,1,2
4,1
5,1
6

85
1
2,1
3,1
4,3
5,3
6,3
7,3
8,3,7
9,3,7,8

86
1
2,1
3,2
4,2,3
5,2,4
6,2,4
7,2

87
1
2,1
3,1
4,1
5,1
6,1,5
7,1
8,1,7
9,1

88
1
2,1
3,1
4,1
5,1
6,1,5
7,1,6
8,1
9,1,8
10,1,8

89
1
2
3,2
4,3
5,3
6,2,3
7
8,1,7
9,1,8
10
11,10

90
1
2,1
3,1
4,1
5
6,5
7,6
8,7

91
1
2,1
3,1
4,3
5
6
7,6
8,6

92
1
2,1
3,2,1
4,1
5,1
6,1,5
7,1
8,1,7

93
1
2,1
3,1
4,1,3
5,1
6,1
7,1,2

94
1
2,1
3,1
4,3
5,1,3
6,1
7,1,6
8,1,7

95
1
2,1
3,1
4
5,1
6
7,6
8,6,7

96
1
2,1
3
4,3
5,3
6,3
7,3,6
8,3

97
1
2
3,2
4,2
5,2,4
6,1
7,1,6
8,1

98
1
2,1
3,1,2
4,1
5,4
6,4
7,4,6
8,7

99
1
2,1
3
4,3
5,3
6,3,5
7,6
8,6

100
1
2,1
3,1,2
4,1,2
5,1,2,4
6,1,2,5
7,1,2,6
8,7

101
1
2,1
3,1
4,1,3
5,1,2
6,1
7
8,7
9,7
10,9

102
1
2,1
3,1
4,1
5,1,4
6,1
7,1,6
8,1
9,1,8

103
1
2,1
3,1
4,1
5,1,4
6,1,4
7,1
8,1,7
9,1
10,1

104
1
2,1
3,1
4,1,3
5,1,4
6,1,3,5
7,1
8,7
9
10,1,7
11,1,7
12
13,12

105
1
2,1
3
4
5,1
6,1
7,1
8,1
9





